0.0000000000       4875802        37      58      82      0       2
0.0000000000       4875802        37      58      82      0       3
1071344880.0       14171657       37      56      82      0       2
1071344880.0       14171657       37      56      82      0       3
1089657360.0       23845068       37      55      82      0       2
1089657360.0       23845068       37      55      82      0       3
1105985745.0       32869398       37      54      81      0       2
1105985745.0       32869398       37      54      81      0       3
1142318430.0       51564722       37      53      81      0       2
1142318430.0       51564722       37      53      81      0       3
1168888726.1       65714753       37      52      80      0       2
1168888726.1       65714753       37      52      80      0       3
1207594441.1       86968067       37      50      80      0       2
1207594441.1       86968067       37      50      80      0       3
1240858560.0       104314890      37      50      80      0       2
1240858560.0       104314890      37      50      79      0       3
1271707237.0       121048472      38      49      79      0       2
1271707237.0       121048472      38      49      79      0       3
1335120217.0       155202778      38      48      79      0       2
1335120217.0       155202778      38      48      79      0       3
1382379037.0       180343843      38      47      78      0       2
1382379037.0       180343843      38      47      78      0       3
